Start	End	Direction
10971	572	-1
10971	572	1
10971	572	0
10971	581	0
10971	596	1
10971	995	0
10971	995	0
10971	2309	1
10971	2309	0
10971	10014	0
10971	9734	0
10971	2308	-1
3604	8744	0
3604	7186	0
7128	816	0
7128	1843	-1
7128	7124	0
7128	7186	-1
7128	7189	-1
5345	3936	-1
4961	397	1
4961	2932	1
4961	4137	1
10152	56259	0
10152	8544	0
10152	5879	0
10152	8936	0
10152	10163	0
10152	10810	0
25	1020	1
25	1398	-1
25	2885	0
25	5599	1
25	1029	1
25	7161	1
25	5829	0
25	5888	-1
25	5883	1
25	5925	0
25	6464	0
25	7410	1
25	1796	1
25	7158	1
427	51761	1
427	820	1
427	10487	0
427	2588	1
427	23566	0
427	5879	0
427	6609	0
427	8877	0
1145	808	1
9457	1390	0
71	87	0
71	317	1
71	7094	0
71	8936	0
71	10163	0
71	10810	0
87	317	0
87	6709	0
87	7094	0
87	7414	0
87	280979	1
87	7791	0
8202	10498	0
8202	1387	0
8202	2033	0
8202	6256	0
8038	1950	1
4303	355	1
185	0	1
185	2776	0
185	3716	1
186	5544	0
186	2782	0
186	2767	0
186	2792	0
186	4683	1
186	6464	0
186	183	0
196	405	0
196	3320	0
196	9049	0
11214	387	1
11214	5576	0
207	4303	-1
207	572	-1
207	572	1
207	842	-1
207	842	1
207	1385	1
207	2309	1
207	5871	1
207	2908	1
207	2931	-1
207	2932	-1
207	2932	1
207	2792	1
207	3320	1
207	3320	0
207	3551	1
207	1147	1
207	8517	1
207	4193	1
207	4214	1
207	4293	1
207	2475	1
207	4846	1
207	5058	1
207	5894	-1
207	5894	1
207	5879	1
207	6647	-1
207	6774	1
207	7015	1
207	7248	1
207	280979	1
207	2308	-1
207	8826	0
207	4216	1
207	4294	1
207	4294	1
207	7158	-1
207	4296	1
226	1509	0
657	1386	1
657	659	0
657	27302	0
657	650	0
657	652	0
657	653	0
657	655	0
657	658	0
353	5562	1
5562	31	1
5562	1026	1
4878	2983	1
317	51761	0
317	596	0
317	598	0
317	842	1
317	842	0
317	54205	1
317	54205	0
317	57591	1
317	5829	0
317	7094	0
317	8936	0
317	10163	0
317	10810	0
324	8312	1
324	8312	0
324	999	0
324	1487	0
324	1499	-1
324	1499	0
324	23566	0
324	2931	0
324	4088	0
324	4089	0
324	1495	0
328	4830	0
328	8125	0
333	7314	1
8743	8797	0
8743	8795	0
8742	8718	0
7804	1600	0
375	5581	1
375	5333	1
392	5578	0
392	387	1
392	9475	1
392	11113	1
392	5305	1
393	387	1
394	29984	-1
394	387	1
395	387	1
9138	392	1
9138	387	1
9138	9479	0
9826	387	1
7984	387	1
405	196	1
405	3091	0
10097	10096	0
10097	3578	0
10097	280979	1
10096	1026	0
10096	902	0
4217	1616	0
4217	5599	1
4217	6416	1
4217	5606	1
4217	5608	1
4217	5609	1
4217	7186	0
1386	3725	1
1386	3725	0
1386	1482	0
1386	2626	0
1386	3458	1
1386	3558	1
1386	3565	1
1386	11181	0
1386	0	1
1386	7193	1
472	25	1
472	545	0
472	672	1
472	675	1
472	1111	1
472	11200	1
472	2177	1
472	4683	1
472	4790	1
472	7157	-1
472	7157	1
51761	820	-1
51761	820	1
51761	842	1
545	472	1
545	11277	0
545	672	1
545	1111	1
545	11200	1
545	2177	1
545	7157	1
545	1263	1
545	5884	1
551	0	1
8312	1499	-1
8312	1499	0
8312	8215	0
8312	2931	1
8312	4214	1
8312	1495	0
8312	64682	0
8312	4216	1
8312	22881	0
154	175	0
154	0	1
154	0	1
154	9368	0
572	578	1
572	581	1
572	581	0
572	596	-1
572	596	1
572	596	0
572	598	-1
572	598	1
572	598	0
572	842	-1
572	599	-1
578	572	-1
578	581	0
578	598	1
578	56616	1
578	1329	1
581	572	-1
581	578	1
581	596	-1
581	596	1
581	596	0
581	598	0
581	56616	1
581	1329	1
596	317	-1
596	572	-1
596	578	-1
596	581	-1
596	598	-1
596	598	0
596	637	-1
596	638	-1
596	638	0
596	6609	-1
596	10018	-1
596	1329	-1
596	9445	-1
596	5366	-1
598	317	0
598	572	-1
598	578	-1
598	581	-1
598	596	1
598	637	-1
598	638	-1
598	638	1
598	638	0
598	54205	-1
598	7157	-1
598	10018	-1
598	1329	-1
598	79370	-1
598	666	-1
598	5366	-1
637	578	1
637	581	1
637	1329	1
637	7417	-1
637	1119	0
638	596	-1
638	598	-1
638	599	0
332	56616	-1
332	331	1
332	56604	1
29760	695	0
29760	2885	1
29760	4067	0
29760	5335	0
29760	6850	0
29760	7409	1
29760	7409	0
29760	5336	1
406	9575	0
659	1386	1
659	650	0
659	652	0
672	5932	0
675	5888	0
695	355	-1
695	5335	1
695	5336	1
8945	1499	-1
8945	1499	1
8945	1499	0
2889	5906	1
2889	54386	1
2889	4893	1
0	824	1
0	889	1
0	816	1
0	0	1
0	1452	1
0	1455	1
0	30818	1
0	2978	1
0	4772	1
0	4790	1
0	4846	1
0	50818	1
0	5578	1
0	5319	1
0	5524	-1
0	2185	1
0	111	-1
0	89	-1
0	801	1
0	821	1
0	811	1
0	10156	1
0	8448	1
0	1759	1
0	3208	1
0	23413	1
0	22895	1
0	10125	1
0	6717	1
0	9900	-1
0	6853	1
0	6857	1
0	7447	1
0	4934	1
23523	5535	0
23523	889	0
23523	10014	-1
23523	4209	0
23523	0	-1
790	3009	0
790	1676	1
790	7153	0
5535	23523	1
5535	889	0
5535	4772	1
5535	4772	0
5535	4842	1
823	581	1
823	637	1
823	23523	-1
823	842	-1
823	5747	1
823	5829	1
823	5879	1
823	387	1
823	7094	1
823	4137	-1
823	7430	1
823	2890	-1
823	4133	-1
823	2903	-1
823	6712	-1
824	23523	1
824	5747	1
824	5829	1
824	7094	1
831	823	-1
831	7430	-1
889	23523	-1
889	5535	1
889	8536	1
889	816	0
889	4772	1
889	4772	0
889	4846	0
889	2185	1
8536	1385	1
8536	10014	1
8536	4208	1
8536	9734	1
8536	5879	1
8536	814	0
8536	6853	-1
816	1385	1
816	3552	0
816	4137	1
820	10411	1
820	5567	-1
820	5567	1
820	5576	1
820	11069	1
820	5566	1
820	1260	1
10487	4661	-1
10487	4661	1
10498	1387	1
10498	1499	1
10498	2033	1
10498	5914	0
10498	6256	0
843	317	1
843	836	1
843	841	0
843	8797	0
843	8795	0
843	8772	0
843	2188	1
843	248	1
843	7157	1
835	637	1
835	4000	1
836	317	-1
836	317	1
836	572	1
836	581	1
836	596	-1
836	598	-1
836	637	1
836	790	1
836	839	1
836	840	1
836	840	0
836	841	1
836	5591	-1
836	5747	-1
836	6711	-1
836	6711	1
836	2620	1
836	2934	-1
836	2934	1
836	1676	-1
836	1676	1
836	4214	1
836	5062	1
836	142	-1
836	5925	-1
836	6093	1
836	331	-1
836	10018	1
836	0	1
836	1982	-1
836	4207	-1
836	5305	-1
836	10887	-1
836	5527	-1
836	22985	1
836	4170	-1
836	4719	-1
836	5339	0
839	836	1
839	840	0
839	1676	1
839	4000	-1
839	4000	1
839	4001	1
839	84823	1
839	5058	1
840	790	-1
840	790	1
840	842	1
840	5747	1
840	1676	1
840	142	-1
840	4207	-1
840	10887	-1
841	4217	-1
841	4217	1
841	637	1
841	843	-1
841	836	1
841	8797	0
841	8795	0
841	8772	0
841	248	1
841	9525	1
841	8737	-1
841	10887	-1
841	9191	1
842	836	-1
842	836	1
842	839	-1
842	839	1
842	840	1
847	6098	1
867	1956	-1
867	5335	0
867	7535	-1
867	916	-1
867	2263	-1
867	10818	-1
1387	3725	1
1387	1445	0
1387	1487	0
1387	1499	1
1387	1499	0
1387	2002	1
1387	2099	1
1387	7088	1
1387	7088	0
1387	3932	1
1387	2033	0
1387	8874	1
1387	8874	0
1387	5970	0
1387	4089	0
1387	6714	0
1387	6722	0
1387	6772	0
1387	6776	0
1387	3172	0
1387	1982	0
1387	7158	0
1387	8850	1
1387	8850	0
1387	6932	-1
1387	10011	1
6352	1232	0
890	983	1
890	983	0
890	1017	1
890	1017	0
890	1019	-1
890	1021	-1
890	1869	1
891	983	1
891	983	0
595	1019	0
595	4609	0
595	1869	1
595	5111	0
595	5467	0
595	5925	-1
595	5925	1
894	1019	0
894	5925	1
896	1021	0
896	5925	1
898	1017	0
898	55294	0
898	5111	0
898	5925	1
898	7314	0
1232	5544	0
1232	5545	0
1232	175	0
1232	2782	0
1232	2792	0
1232	6356	0
0	1385	1
0	3708	1
929	7097	1
929	7099	1
948	2534	0
948	1432	1
948	7057	0
920	7852	0
920	3932	0
920	7535	1
920	6955	0
958	959	0
958	7187	0
958	7189	0
5788	3932	1
995	983	-1
995	983	1
993	1017	1
993	1021	1
995	983	1
997	898	1
997	8454	0
997	1869	1
997	6500	0
997	7314	0
998	5871	1
998	4214	1
998	4293	1
998	5058	1
998	5879	0
998	8936	1
998	8826	0
998	4216	1
998	4294	1
998	4294	1
998	7454	1
998	10188	1
998	4296	1
999	4088	0
983	572	1
983	891	1
983	5347	1
1017	1869	1
1017	5715	1
1017	5111	0
1017	5925	1
1019	1021	0
1019	5111	0
1020	317	1
1020	84152	1
1020	5604	1
1020	5058	-1
1020	4137	1
1020	282378	-1
1020	4744	1
1020	6853	0
1020	6809	0
1021	596	-1
1021	5925	1
1022	1017	1
1022	902	0
1050	3725	-1
1111	995	-1
1111	995	1
1111	5545	-1
1111	7157	1
11200	672	1
11200	5545	-1
11200	7157	1
1123	5879	1
8646	659	-1
8646	9241	0
56616	332	1
56616	329	0
56616	248	-1
56616	8737	0
56616	8717	0
56616	7186	0
56616	331	-1
56616	331	0
56616	330	-1
56616	79444	-1
329	836	-1
329	840	-1
329	331	0
3725	1385	1
3725	1385	0
3725	2002	0
3725	2113	0
3725	2114	0
3725	2353	0
3725	3727	0
3725	11181	0
3725	10018	1
3725	8739	1
1452	4772	1
1452	11076	1
1452	7157	1
1455	84152	1
1456	1409	1
1456	5187	-1
1457	324	0
1457	637	-1
1457	638	1
1457	8215	1
1457	5601	-1
1457	5601	1
1457	6722	1
1457	7471	1
137529	26270	0
137529	5715	0
137529	6500	0
137529	6502	0
9575	406	1
4094	4772	0
4609	1029	1
4609	5467	0
4609	6667	1
1073	317	1
1385	1387	1
1385	2353	0
1385	2668	1
1385	0	1
1385	8660	1
1385	2959	1
1385	6872	1
1390	1385	-1
1390	30818	-1
1390	30818	0
1390	57576	0
1398	25	1
1398	2889	1
1398	1793	1
1398	1956	0
1398	11184	1
1398	9564	0
1398	2185	0
1398	5829	0
1398	6464	0
1398	9743	1
1398	85021	0
1399	2889	1
1399	1793	1
1399	9564	0
1409	581	-1
1409	598	-1
1436	2113	1
1436	6196	1
1436	1435	0
1445	5747	1
1445	3932	-1
1445	4067	-1
1445	5567	0
1445	5829	1
1445	6714	-1
1445	55824	0
1482	64100	0
1482	2626	0
1482	9421	0
1482	9464	0
1482	4772	0
1482	6722	0
1487	1499	0
1487	7088	0
1487	4842	0
1487	7341	0
1487	3172	1
1487	3172	0
1487	6935	0
1487	8204	-1
5932	672	1
1499	1387	1
1499	9734	-1
1499	5663	0
1499	3172	-1
1499	3172	0
1499	7314	1
1499	7314	0
1499	1495	0
1499	8826	0
1499	51176	-1
1499	51176	1
1499	6932	1
1499	10194	0
1509	1738	0
8454	4738	0
8454	9978	0
8454	6500	0
8454	9040	0
7852	6387	0
54205	317	1
54205	834	1
54205	56616	1
54205	5187	1
25802	820	1
28503	5495	1
1600	7436	0
1605	1040	1
1605	27124	0
1605	50818	1
1605	5578	1
1605	23236	0
1605	5335	0
1605	10125	1
84152	1020	-1
84152	2644	1
84152	5464	-1
84152	5501	-1
1616	4217	1
1616	8772	0
1616	355	0
1616	1676	0
1616	6416	1
1616	8737	0
1616	7132	0
5694	898	1
5694	1499	1
5694	1869	1
5694	4193	1
5694	5715	1
5694	6622	1
1040	50818	1
0	2911	1
1730	5216	1
22943	4040	0
22943	7471	-1
22943	83999	0
22943	4035	-1
5591	7157	1
1793	207	1
0	25802	1
0	28503	1
0	1812	1
0	1813	1
0	1814	1
7027	898	1
7027	1869	0
11218	4233	0
11218	2117	0
8718	841	1
8718	8717	0
30818	1385	-1
30818	1385	1
30818	2353	1
30818	0	-1
30818	3750	-1
30818	3751	-1
30818	8739	-1
8215	2931	-1
8215	2932	-1
8215	5494	0
0	5610	1
8655	4914	0
8655	5879	1
8655	10018	-1
64100	9464	0
64100	4208	0
64100	4772	0
2118	1629	0
2118	1029	1
1629	1738	0
1629	3091	0
1629	4193	0
1629	7157	0
1629	7314	0
1869	637	1
1869	7027	1
1869	1029	1
1869	5925	-1
1869	5925	1
1869	5925	0
1869	6502	0
1869	4088	1
1869	7314	0
1869	10018	1
1869	8739	1
1869	5366	1
1869	27113	1
1874	5933	0
1738	2597	0
1738	7341	1
10682	1977	-1
10682	1981	1
6461	2002	0
6461	6722	0
51295	4214	1
1901	5545	0
1901	175	0
1901	2782	0
1901	2792	0
1901	8720	0
1909	4683	1
1909	1906	0
1950	1956	1
1950	1956	0
1956	843	1
1956	867	1
1956	2064	1
1956	2064	0
1956	9628	0
1956	2885	1
1956	2885	0
1956	3716	0
1956	5604	1
1956	4214	1
1956	4772	1
1956	1432	1
1956	5290	0
1956	5335	1
1956	5335	0
1956	2185	1
1956	5879	1
1956	29984	1
1956	6464	1
1956	6464	0
1956	6654	0
1956	6714	1
1956	6714	0
1956	6772	1
1956	6774	1
1956	7409	1
1956	8936	1
1956	2035	1
1956	4690	1
1956	5921	1
1956	2065	1
1956	6646	1
1959	572	1
1959	1960	0
1959	664	1
1959	665	1
1978	1973	1
1978	1977	-1
1978	1977	1
1965	1967	0
1965	1968	0
1965	0	0
1965	92170	0
1965	0	0
1967	1965	-1
1967	1965	1
1967	1968	0
1967	0	0
1967	92170	0
1967	1147	1
1968	0	0
1968	92170	0
8661	1973	1
8661	1973	0
8661	1977	0
8661	1981	0
8661	1982	0
1973	1975	0
1973	1981	0
1973	6194	1
1973	1982	0
1975	1973	1
1975	1977	0
1975	6194	1
1975	0	0
1977	1981	0
1977	1982	0
1977	0	0
1981	8569	0
1983	1965	1
2002	3725	1
2002	2353	1
2002	6722	0
2002	0	1
2002	6932	0
10411	0	1
10411	5906	1
10411	54386	1
2056	2057	0
2056	3479	0
2056	3562	0
2057	3717	0
2057	5335	0
2057	6464	1
2057	5777	0
2069	6294	0
2069	0	0
2099	27043	0
2099	6714	0
2064	2885	1
2064	5290	1
2064	5335	1
2064	6464	1
2064	6714	1
2064	55914	0
2064	1740	0
2064	1742	0
2064	5921	1
2064	1741	0
2064	6640	1
2064	2886	1
6294	0	0
5595	2002	1
5595	4638	1
5595	8569	1
5595	9252	1
5595	6196	1
5595	2872	1
5595	10524	1
5595	8986	1
5594	842	-1
5594	1387	1
5594	3725	1
5594	1385	1
5594	1956	1
5594	1958	1
5594	2002	1
5594	5595	1
5594	2353	1
5594	5599	-1
5594	9261	1
5594	4082	1
5594	4638	1
5594	8569	1
5594	9252	1
5594	6196	1
5594	5163	1
5594	27124	1
5594	5319	1
5594	6197	1
5594	6773	1
5594	4137	1
5594	3172	1
5594	10256	0
5594	3751	1
5594	4207	1
5594	79092	1
5594	4744	-1
5594	4741	-1
5594	9373	1
5594	6195	1
5594	10657	1
5594	6853	-1
5594	2872	1
5594	10524	1
5594	8986	1
5598	4205	1
5598	6196	1
5598	7020	1
0	2069	1
0	53615	1
2113	2114	0
2114	2113	1
2114	2353	0
2159	2155	0
2160	2158	1
2165	2147	1
2147	2243	1
2147	2149	1
2152	2155	0
2152	2158	0
2152	2153	0
2155	2159	1
2155	2158	0
8772	843	1
8772	841	1
8772	2188	0
8772	355	0
8772	1676	0
8772	8837	0
8772	4615	-1
8772	4790	1
8772	8737	0
8772	6609	1
8772	7132	0
8772	8717	0
8772	7189	0
8772	9191	1
8772	9994	0
5747	5594	1
5747	2534	1
5747	2885	1
5747	3569	1
5747	3667	0
5747	3672	0
5747	3688	0
5747	9564	1
5747	9564	0
5747	5290	1
5747	5335	1
5747	2185	0
5747	5829	1
5747	5829	0
5747	6464	1
5747	6714	1
5747	6714	0
5747	7094	0
5747	89	-1
5747	50807	1
5747	23092	1
5747	2886	1
5747	1969	1
8439	6610	1
8439	7132	0
2175	2176	0
2175	2189	0
2176	2178	0
2176	2189	0
2177	2178	0
2177	7314	0
2178	2177	1
2178	2188	0
2178	2189	0
2188	2189	0
2188	355	0
2191	841	-1
2191	2188	-1
355	1616	1
355	1956	1
355	8772	1
355	356	-1
355	356	0
355	1676	0
355	3552	1
355	4790	1
355	8737	1
355	5777	1
355	7430	0
355	11124	0
355	10016	0
355	5783	0
355	23017	0
356	355	-1
356	355	1
55294	26270	0
55294	6500	0
26270	6500	0
26270	6502	0
0	0	1
2243	3688	1
2309	356	1
2309	10018	1
2322	4254	0
0	427	1
2353	3725	1
2353	5599	0
2353	3727	0
2354	3727	0
10023	2931	-1
10023	2932	-1
8321	8215	1
8321	175	1
8321	4040	0
8321	3936	-1
8321	3936	1
8321	7471	0
8321	408	1
2488	2492	1
9971	6256	0
2534	1499	1
2534	1600	1
2534	3688	0
2534	3717	0
2534	5335	1
2534	6464	1
2534	6464	0
2534	6773	1
2534	2890	1
2534	775	1
2534	2903	1
2534	1740	0
2534	1742	0
2534	10657	0
2534	203068	1
5544	175	0
5544	2782	0
5544	2792	0
5545	2782	0
2597	3315	0
175	8215	1
175	5595	1
175	2776	1
175	2782	0
175	23566	0
175	2792	1
175	2792	0
175	5294	1
175	5335	0
175	107	0
2548	2782	0
2548	0	0
2548	92170	0
2549	1398	1
2549	2885	0
2549	11184	1
2549	4233	0
2549	5295	1
2549	5290	-1
2549	5290	1
2549	2185	0
2549	5829	0
2549	5781	0
2549	4215	-1
1647	983	-1
1647	4216	1
2770	427	-1
2770	2782	-1
2770	2782	0
2770	0	0
2770	92170	0
2770	2792	0
2770	5290	1
2770	5294	1
2770	5879	1
2770	6714	1
2770	673	1
2770	5909	1
2770	629	1
9628	92170	1
9628	5156	0
9628	5879	1
2776	2782	0
2776	0	0
2776	23566	0
2776	92170	1
2776	92170	0
2776	2792	0
2776	5604	1
2776	23236	1
2776	23236	0
2776	5335	0
2776	3339	1
2626	6767	1
2626	4208	0
2626	4772	0
2626	6722	1
2626	6722	0
2782	2770	1
2782	9181	1
2782	2767	0
2782	2768	0
2782	10672	0
2782	2792	1
2782	2792	0
2782	5074	0
2782	5290	1
2782	7275	0
79751	92170	1
2978	83733	1
5871	4214	1
440275	1965	-1
1440	3589	0
1440	4254	0
0	1965	1
0	92170	1
0	3838	1
0	5295	1
0	5062	1
0	5894	1
0	5901	1
0	5901	0
0	5879	1
0	5879	0
0	387	1
9181	207	1
9181	375	1
9181	392	1
9181	5879	1
9181	29984	1
9181	203068	0
2934	842	-1
2934	280979	-1
2934	832	0
2670	7314	1
9771	2885	0
9771	5290	0
9771	5567	1
2688	2690	1
2688	2690	0
2690	3479	1
2690	3667	0
2690	3717	0
2690	5290	1
2767	427	1
2767	891	1
2767	2776	1
2767	5606	1
2767	10857	0
2767	4661	-1
2767	23236	1
2767	629	1
0	2908	0
1437	3562	0
1437	4254	0
2768	11214	1
2768	9138	1
2768	23566	0
2768	2792	0
2768	387	1
2768	10160	1
2768	6714	1
2768	5921	1
2768	1902	0
2768	5607	1
2768	5589	1
2768	7006	1
10672	9138	1
10672	4217	1
10672	998	1
10672	23566	0
10672	2792	0
10672	2185	1
10672	10160	1
10672	5962	1
2769	1605	1
2769	23236	1
23566	4878	1
23566	7052	0
2876	2937	1
2908	51655	0
2908	1843	1
2908	5290	1
2885	867	1
2885	5595	1
2885	2549	1
2885	27040	0
2885	4233	0
2885	4914	0
2885	5156	0
2885	5335	1
2885	2185	0
2885	5879	1
2885	5923	0
2885	6464	1
2885	6464	0
2885	5781	0
2885	6654	1
2885	6654	0
2885	10252	1
2885	10252	0
2885	7410	1
2885	8936	1
2885	10603	0
2885	1759	1
2885	5786	-1
2885	85021	0
2885	10657	1
2885	30011	0
2885	203068	0
2885	10870	0
2885	1	1
2885	3937	0
51655	6722	0
9687	5174	0
7088	4089	0
7088	3172	1
7088	3172	0
7088	51176	1
2937	0	1
2931	8312	1
2931	3725	-1
2931	1385	1
2931	1499	-1
2931	4286	1
2931	4772	-1
2931	5663	-1
2931	4137	-1
2931	64682	1
2931	23401	0
2931	5055	1
2931	8894	-1
2932	207	1
2932	8312	1
2932	595	-1
2932	1499	1
2932	1965	-1
2932	2931	1
2932	6608	-1
2932	4137	1
2936	0	1
0	2937	1
92170	1730	1
92170	0	1
92170	5604	1
92170	4214	1
92170	2644	1
92170	6198	1
92170	5058	1
92170	5334	1
92170	5337	1
92170	23647	1
92170	5894	1
92170	5901	1
92170	5901	0
92170	5879	-1
92170	5879	1
92170	5879	0
92170	387	1
92170	6093	1
92170	55811	0
92170	8936	1
92170	10163	1
92170	10810	1
92170	107	0
2792	5595	-1
2792	5595	1
2792	5594	1
2792	175	1
2792	2782	1
2792	3672	1
2792	4214	1
2792	23236	0
2792	5335	1
2792	5879	1
2792	5879	0
2792	8720	1
2792	6464	1
3002	637	1
3002	842	-1
3002	842	1
3002	51447	0
3002	5864	1
3009	3148	0
0	581	1
0	0	1
9421	9464	0
10542	0	-1
10542	0	1
10542	842	-1
10542	2185	1
9734	7088	1
9734	5925	0
9734	51176	1
3065	3066	0
3065	4209	0
3065	6615	-1
3066	4209	0
3066	25942	0
3066	9612	0
3066	9541	0
8841	2033	1
8841	9612	0
8841	9611	0
10014	4205	0
3082	4233	0
3091	637	-1
3091	4193	0
3091	8874	1
3091	664	1
3091	665	1
3091	5366	1
3146	3148	0
3146	7153	0
3148	8125	0
3148	6418	0
6767	6722	0
27102	1965	-1
3315	836	-1
3315	1616	-1
3315	5174	0
3315	1329	-1
3337	3308	0
3337	4193	-1
3337	7314	1
3337	3309	0
3337	3921	0
3308	317	-1
3308	3320	0
3308	3459	0
3308	3717	0
3308	9093	0
3308	9131	-1
3320	196	1
3320	317	-1
3320	332	1
3320	4846	0
3320	5465	0
3320	5728	1
3320	9049	0
5688	8544	1
5688	8936	0
5688	10163	0
5688	10810	0
3364	545	1
3364	5810	0
3364	5883	0
0	207	-1
0	1994	1
0	7157	1
248	842	-1
29851	1455	-1
1676	790	-1
1676	790	1
1676	8737	0
1676	7132	0
1676	8717	0
1676	1677	-1
8837	841	-1
8837	8772	-1
8837	8772	1
3458	3459	1
3458	3459	0
3458	3717	1
3459	3308	1
3459	3716	1
3459	3717	1
3459	3717	0
3459	9093	1
3459	9093	0
3459	30851	1
3479	3480	1
3479	3480	0
3480	207	1
3480	5535	1
3480	8536	1
3480	5595	1
3480	5594	1
3480	3667	1
3480	4772	1
3480	5290	1
3480	5578	1
3480	6464	1
3480	7410	1
3480	408	1
3480	2887	1
3480	23365	0
4792	3558	-1
4792	3558	1
4792	3565	-1
4792	3565	1
4792	4790	-1
4792	4790	1
4792	4790	0
4792	8874	0
4792	55566	0
4792	50818	1
4792	5970	1
4792	5970	0
4792	7314	0
4793	0	1
4793	4790	-1
3551	4792	1
3551	1147	0
3551	8517	0
3551	4214	0
3551	4790	1
3551	9020	0
1147	4792	1
1147	8517	0
1147	4214	0
1147	4790	1
1147	9020	0
8517	4792	1
8517	4790	1
3589	3569	0
3595	3717	1
3552	3553	0
3552	3554	0
3552	3562	0
3552	3576	1
3552	7124	0
3552	3592	0
3553	3554	1
3553	3554	0
3553	5606	1
3554	51295	1
3554	54472	0
3554	7189	1
3554	7189	0
3562	3569	0
3562	3578	0
3562	4254	0
3565	3566	1
3569	3570	1
3578	1031	0
3838	5901	1
3838	5901	0
3643	0	0
3643	3667	1
3643	5608	1
3643	6464	1
3643	6776	1
3643	10603	1
3643	2887	1
3643	8660	1
0	3643	1
808	207	1
808	0	1
808	3708	1
808	50818	1
3708	0	1
3708	286	0
3708	1329	0
3708	11146	0
3708	9455	0
3708	84876	1
3654	4615	0
3654	10454	1
3654	23118	1
3654	7097	1
3654	7099	1
3654	54472	0
3654	7189	1
3654	7189	0
3667	5595	1
3667	2885	1
3667	5290	1
3667	5290	0
3667	4690	1
3667	5947	0
148022	6774	0
148022	7098	0
148022	7099	0
148022	9641	1
148022	29110	1
3672	332	1
3672	836	-1
3672	2353	-1
3672	3688	0
3672	3690	0
3672	5290	1
3672	2185	0
3672	5829	0
3672	5977	-1
3672	6709	0
3672	7094	0
3672	7430	0
3672	331	1
3688	5595	1
3688	5747	1
3688	2309	1
3688	3717	1
3688	2185	1
3688	2185	0
3688	5829	0
3688	6464	-1
3688	6464	1
3688	6464	0
3688	6709	0
3688	7094	0
3688	89	0
3688	3611	1
3688	23613	0
3690	5829	0
3690	7094	0
3690	7430	0
3716	3717	1
3716	5156	0
3716	5290	0
3716	6464	1
3716	6772	1
3716	6773	1
3716	6774	1
3716	3718	1
3716	6646	1
3716	6778	1
3717	3716	1
3717	55566	1
3717	6772	1
3717	6774	1
3717	6776	1
3717	9093	0
3717	7297	1
5599	1386	1
5599	572	1
5599	596	-1
5599	596	1
5599	637	1
5599	834	1
5599	3725	1
5599	2002	1
5599	356	1
5599	2353	1
5599	5601	1
5599	5604	-1
5599	4772	1
5599	7157	1
5599	6464	1
5599	4137	1
5599	3172	1
5599	10018	1
5599	90427	1
5599	4170	-1
5599	319	1
6416	5599	1
6416	5600	1
6416	5601	1
6416	1432	1
6416	8660	-1
6416	5602	1
3726	2625	1
3726	4772	0
0	207	1
1147	4790	0
284217	3912	0
3912	3915	0
3912	7314	1
27040	2885	1
27040	5335	1
27040	5335	0
27040	9402	0
3932	5335	1
3932	5894	1
3932	6654	0
3932	7410	1
3932	7535	1
3932	7535	0
3932	916	1
3932	10870	1
3932	83696	1
3952	3953	1
3953	5562	1
3984	317	1
3984	1073	-1
3984	1072	-1
4000	4001	0
4000	84823	0
4001	84823	0
3664	7099	0
4040	27123	0
7376	9971	1
7376	6256	0
4067	695	1
4067	5295	1
4067	5335	1
4067	5879	1
4067	6464	1
4067	6850	0
4067	7409	1
4067	1742	0
4067	203068	1
4067	2205	0
4067	613	1
4067	930	1
4067	930	0
8567	6416	1
8567	9530	0
8567	7132	0
8567	8717	0
57591	6722	0
11184	5594	1
11184	5599	1
11184	10256	0
11183	4214	1
5600	2002	1
5600	5605	1
5600	8569	1
5600	9252	1
5600	2872	1
5600	1649	1
5600	7867	1
5600	7020	1
5600	8986	1
5603	1050	1
5603	29904	1
5601	1386	1
5601	3725	1
5601	5595	1
5601	2353	-1
5601	2353	1
5601	5544	1
5601	0	1
5601	3558	1
5601	3565	1
5601	3717	-1
5601	6351	1
5601	4772	1
5601	7157	1
5601	6196	1
5601	2185	1
5601	6464	1
5601	319	1
9261	3150	1
9261	3315	1
9261	9252	1
4082	5535	-1
4082	280979	0
53615	6615	-1
23643	7099	0
1729	317	1
1729	10458	1
1729	6714	1
4193	2033	-1
4193	7157	1
4193	7157	0
4193	408	1
4193	7158	-1
4205	10014	1
4205	9734	1
4205	9734	0
4205	4654	0
4208	23209	0
4208	4772	0
4209	5535	1
5604	596	1
5604	823	1
5604	1385	1
5604	2002	1
5604	5595	1
5604	5594	1
5604	2353	1
5604	6416	1
5604	5601	1
5604	5605	0
5604	4638	1
5604	9252	1
5604	6198	1
5604	6196	1
5604	6197	1
5604	9612	1
5604	6654	-1
5604	280979	1
5604	10018	-1
5604	10818	-1
5604	4170	1
5604	8986	1
5605	1385	1
5605	5595	1
5605	5594	1
5605	3315	1
5605	5604	1
5606	5599	1
5606	5600	1
5606	5603	1
5606	5608	0
5606	1432	1
5608	5599	1
5608	5600	1
5608	5603	1
5608	4790	1
5608	1432	1
5608	6300	1
4214	1147	1
4214	5599	1
4214	6416	1
4214	5604	1
4214	5606	1
4214	5609	1
4214	9020	0
4214	1432	1
4214	9612	1
4214	6885	1
4214	2043	1
4214	6548	1
4233	355	-1
4233	2185	0
4233	9612	0
4233	6774	1
2117	11218	1
2117	1874	1
2117	9612	0
2911	2776	1
2911	2767	1
2911	23236	1
2911	1759	0
2911	0	1
2911	9455	0
2911	0	1
9734	4205	1
5609	5599	1
5609	5601	1
5609	5602	1
1843	5594	-1
1843	3320	1
1843	5599	-1
1843	5600	-1
1843	5603	-1
1843	1432	-1
1843	1432	1
1843	6300	-1
23209	5829	1
4638	23209	1
4638	103910	1
4638	4542	1
4638	9220	1
4638	3680	1
4660	103910	1
4660	9220	-1
4660	3680	-1
4293	6416	1
4293	5608	1
4293	5609	1
8569	1977	1
8569	1982	0
8569	2872	0
4361	10111	0
103910	4542	1
9252	1385	1
9252	1978	1
9252	466	1
2475	10682	1
2475	1978	-1
2475	6198	1
2475	5524	-1
4615	3654	1
4615	4214	1
4615	9020	1
4615	114609	0
4615	7097	0
4615	7098	0
4615	7099	0
4615	10333	0
4615	51284	0
4615	54106	0
4615	7124	1
4615	54472	0
4615	7189	0
4615	51135	1
4615	7096	0
4615	81793	0
4615	7100	0
4615	51311	0
4661	891	1
4661	983	-1
56259	8544	0
56259	5879	0
56259	8936	0
56259	10163	0
56259	10810	0
4683	10111	0
4738	5715	1
4772	356	1
4772	4205	1
4790	1387	1
4790	5595	1
4790	8439	-1
4790	356	1
4790	248	-1
4790	3458	1
4790	4792	1
4790	3551	1
4790	8517	1
4790	3558	1
4790	3565	1
4790	3569	1
4800	4801	0
4800	4802	0
4801	4802	0
4803	4804	0
4803	4914	1
4803	4914	0
4804	5290	0
4804	5335	0
4804	5879	1
4804	6464	0
9020	3551	1
9020	1147	1
9020	4214	1
9020	8936	0
9020	4690	1
51701	3172	-1
51701	51176	-1
4830	6418	0
4842	1487	1
4842	387	1
4842	0	1
4842	1740	0
4842	1742	0
4846	5138	-1
4846	5138	1
4846	857	0
27035	0	1
5579	4792	1
5579	5604	-1
5579	5879	1
4909	4914	0
4909	4915	1
4913	6283	0
4914	1398	1
4914	5598	1
4914	2885	1
4914	3667	1
4914	5290	1
4914	5335	1
4914	6464	1
4914	6464	0
4914	9743	1
3164	581	1
3164	596	-1
0	0	1
5933	898	1
5933	7027	1
5933	5934	0
4839	5290	0
4839	2185	0
4839	6714	0
4839	6774	1
5295	5290	1
5295	5294	0
5295	6654	1
5295	5291	1
9564	2889	1
9564	1398	1
9564	2185	0
1029	1869	-1
1029	4193	-1
1029	5290	-1
1029	5925	1
1030	1021	-1
1031	1019	-1
2909	29984	-1
2909	0	1
5375	2776	-1
5375	2776	1
5375	2931	-1
5375	2931	1
1026	10097	1
1026	10096	1
1026	890	-1
1026	898	-1
1026	983	-1
1026	1017	-1
1026	1017	1
1026	1019	-1
1026	51085	1
1026	5544	-1
1026	5111	-1
1026	5313	1
5715	1017	-1
5715	6502	0
2033	4286	1
2033	3164	1
2033	7157	1
1432	1386	1
1432	0	-1
1432	1050	1
1432	3725	1
1432	2002	1
1432	5601	1
1432	9261	1
1432	4205	1
1432	5604	1
1432	5605	1
1432	8569	1
1432	9252	1
1432	4772	-1
1432	8874	-1
1432	8550	1
1432	5925	1
1432	9612	1
1432	6667	1
1432	6772	1
1432	4207	1
1432	79092	1
1432	9373	1
1432	2872	1
1432	1649	1
1432	7867	1
1432	7020	1
1432	8986	1
8874	207	1
8874	392	1
8874	998	1
8874	4792	1
8874	2033	1
8874	55566	1
8874	55566	0
8874	5970	1
8874	5970	0
8874	28964	0
7157	472	1
7157	578	1
7157	581	1
7157	596	-1
7157	598	-1
7157	637	1
7157	638	1
7157	1017	-1
7157	355	1
7157	1647	1
7157	4193	1
7157	1029	-1
7157	1026	1
7157	84172	-1
7157	7314	1
7157	7314	0
7157	665	1
7157	666	0
7157	5366	1
7157	27113	1
6283	7097	0
4688	5879	1
6198	572	-1
6198	1390	1
6198	2932	1
6198	6194	1
6198	5704	1
6198	29904	-1
6198	0	1
7161	5544	-1
7161	27113	1
6196	472	1
6196	545	1
6196	572	-1
6196	572	1
6196	1385	1
6196	4661	1
6196	29904	1
26986	1981	1
26986	1982	0
26986	0	0
5054	5327	-1
5058	25	1
5058	10097	1
5058	10096	1
5058	572	-1
5058	6416	1
5058	3984	1
5058	5604	1
5058	4214	1
5058	4638	-1
5058	103910	1
5058	8874	1
5058	5829	0
5058	5894	1
5058	387	-1
5058	7409	0
5058	4690	0
5058	6853	-1
5062	4214	1
2149	5074	0
5074	2782	1
5074	2768	1
5074	10672	1
5074	2792	1
142	4790	1
142	9131	1
5469	5468	0
5469	7186	0
2324	27124	1
5111	1019	1
5138	820	-1
5145	5158	0
5145	5148	0
5145	0	-1
5158	5148	0
5148	5145	1
5155	5156	0
5156	808	1
5156	5290	1
5156	5290	0
5156	5335	0
5156	8720	1
5156	6464	0
5156	6772	1
5156	6774	1
5163	207	1
5164	207	-1
5164	207	1
5164	5163	1
5164	50818	1
27043	1234	1
27043	7852	1
27043	5595	1
27043	0	1
27043	6714	1
5187	406	-1
5187	406	1
5187	9575	1
5187	54205	-1
5187	1195	-1
9451	1965	-1
9451	1965	1
5216	71	1
10891	2099	1
10891	5468	0
10891	6714	0
10891	10011	1
5290	207	-1
5290	207	1
5290	10575	1
5290	998	1
5290	5598	1
5290	51341	1
5290	6517	1
5290	5604	1
5290	4790	1
5290	1432	1
5290	27124	1
5290	5335	0
5290	2185	1
5290	5879	1
5290	7409	1
5290	3611	1
5290	0	-1
5290	0	1
5290	203068	0
5290	10000	1
5294	2185	1
5294	5829	1
8394	2934	1
8394	27124	1
27124	196	1
27124	1234	1
27124	1605	1
27124	1040	1
27124	5595	1
27124	2934	1
27124	2690	-1
27124	808	1
27124	4790	1
27124	5163	1
27124	3632	-1
27124	3632	1
27124	50818	1
27124	23236	0
27124	5333	0
27124	5335	0
27124	6502	1
27124	7094	0
27124	7275	0
27124	7414	0
3632	207	1
3632	9181	1
3632	5163	1
3632	27124	1
8544	5879	0
5567	572	1
5567	824	-1
5567	51085	1
5567	1385	1
5567	1390	1
5567	84152	1
5567	4772	-1
5567	1026	1
5567	5524	1
5567	5576	0
5567	5577	0
5567	55811	0
5567	6608	-1
50818	596	1
50818	0	1
50818	23523	1
50818	5535	1
50818	50820	1
50818	1605	1
50818	1956	-1
50818	1977	-1
50818	1981	-1
50818	1981	1
50818	2002	1
50818	0	1
50818	2931	-1
50818	3672	1
50818	4082	1
50818	4790	1
50818	4842	1
50818	6198	1
50818	2185	1
50818	5883	1
50818	5894	1
50818	5879	1
50818	8720	1
50818	5704	1
50818	8877	1
50818	5587	1
50818	5589	1
50818	10235	1
50818	6548	1
5578	25	1
5578	596	-1
5578	1977	1
5578	2931	-1
5578	3667	-1
5578	4082	-1
5578	2911	1
5578	4842	-1
5578	23236	-1
5578	5728	1
5578	5894	1
5578	108	1
5578	111	1
5578	118	-1
5578	9495	0
5578	2890	-1
5578	156	-1
5578	94274	1
5578	1716	-1
5578	1759	-1
5578	23114	-1
5578	2554	-1
5578	2596	1
5578	2741	-1
5578	2897	1
5578	775	-1
5578	4133	1
5578	4155	1
5578	2917	1
5578	282378	-1
5578	2903	-1
5578	774	1
5578	9463	0
5578	9373	1
5578	490	-1
5578	23613	0
5578	10125	1
5578	25780	1
5578	6616	-1
5578	7074	0
5581	280979	0
5585	94274	1
5610	1965	-1
5610	1965	1
5610	114609	0
5610	7099	1
3936	2243	1
23236	1605	1
23236	808	1
23236	27124	1
23236	7275	0
23236	0	1
23236	0	-1
5335	0	1
5335	1605	1
5335	1973	1
5335	808	1
5335	5290	1
5335	27124	1
5335	50818	1
5335	0	1
5335	0	-1
5335	0	1
5335	10657	0
5335	6853	0
5340	3936	1
5347	4661	-1
1263	995	1
1263	7157	1
23647	317	1
5464	572	1
5524	207	1
5524	324	0
5524	8312	-1
5524	8312	1
5524	572	1
5524	51085	1
5524	84152	1
5524	10682	1
5524	6416	1
5524	5609	1
5524	5728	1
5524	4137	1
5524	408	1
5495	84152	1
8125	317	1
8125	836	1
5465	3320	1
5465	4792	-1
5465	5601	1
5465	9612	1
5465	6714	-1
5468	6256	0
5468	10499	0
5468	7186	0
8550	3315	1
5551	1017	1
5663	1499	-1
5663	4137	0
5663	7314	1
5663	6717	0
5726	983	1
5726	6469	0
5728	5747	-1
5728	5290	-1
5728	27124	1
5728	3632	1
5728	0	-1
2185	1956	1
2185	2309	1
2185	2885	1
2185	5599	1
2185	4205	1
2185	5606	1
2185	1432	1
2185	5829	0
2185	5879	1
2185	6464	1
2185	6714	1
2185	6714	0
2185	6850	0
2185	7248	1
2185	3737	-1
5829	1398	1
5829	2534	1
5829	9564	1
5829	6709	0
5829	7094	1
5829	7094	0
5829	7414	0
5829	3611	1
5829	367	0
5810	5884	0
5810	5883	0
5884	5883	0
5888	675	1
5883	596	-1
5883	598	-1
5894	572	-1
5894	11184	1
5894	5604	1
5894	5605	1
8738	835	1
8738	8737	0
8738	7185	0
8738	7186	0
5898	10928	1
10928	207	-1
10928	998	-1
10928	998	1
10928	5879	1
10928	55333	0
10928	85021	0
5900	5898	1
5902	5903	0
5902	5905	0
5903	5901	1
5903	5905	0
5906	673	1
5908	5595	1
5908	5879	1
5908	29984	1
5914	1499	-1
5914	6256	0
5879	317	1
5879	5595	1
5879	5594	1
5879	0	1
5879	4214	1
5879	4293	1
5879	56259	1
5879	4790	1
5879	1432	1
5879	4688	1
5879	5058	1
5879	5290	1
5879	5894	1
5879	5900	1
5879	6654	0
5879	6714	1
5879	7430	1
5879	673	1
5879	369	1
5879	5291	1
5923	207	1
5923	5879	1
5923	2903	0
5923	4893	1
5925	890	1
5925	891	1
5925	898	1
5925	7027	1
5925	1869	-1
5925	4800	1
5925	84172	-1
5970	3576	1
5649	7804	1
5649	3688	-1
5649	7436	1
29984	1729	1
29984	6093	1
29984	280979	1
387	5747	1
387	0	-1
387	4792	-1
387	5599	1
387	1729	1
387	50818	1
387	5829	1
387	9475	1
387	280979	1
387	5589	1
0	0	1
10160	10672	-1
10160	5585	-1
10160	5585	1
10160	387	1
5576	5577	0
8737	9020	1
8737	142	-1
8737	7132	0
8737	7133	0
8737	8717	0
8737	7185	0
8737	7186	0
8737	7189	0
8737	4215	0
8737	8476	1
9978	4088	1
9978	4089	0
9978	367	0
6093	3984	1
6093	23209	1
6093	4638	-1
6093	4660	-1
6093	103910	1
6093	4542	1
6093	1488	1
6093	2623	1
9475	3984	1
9475	4660	-1
9475	103910	1
9475	94274	1
9475	1808	1
9475	832	1
6098	2309	-1
6197	572	-1
6197	1385	1
6197	2353	1
6197	8520	0
6197	11143	0
6197	8290	1
6256	9612	0
5704	1964	0
5704	8669	0
5704	0	0
5704	0	0
5704	0	0
55811	51761	1
6295	29984	1
56681	4087	1
56681	7046	1
4254	3815	0
6387	175	1
6387	2776	1
6387	2792	1
462	2147	-1
462	2152	-1
6464	5595	1
6464	2885	1
6464	5290	1
6464	5879	1
6464	5777	0
6464	6654	1
6464	6654	0
6464	6655	0
6464	6714	0
6464	1796	0
6464	9743	0
6464	5947	0
6464	5296	0
6464	3635	1
6464	7006	0
6464	160	0
6464	634	0
6464	4435	0
6464	2059	0
6464	9846	0
6464	3691	0
6464	9063	0
6464	5359	0
6464	2962	0
6464	3636	0
5777	3716	-1
5777	3717	-1
5777	6464	1
5777	5781	0
5777	6776	1
5777	7046	0
5777	7048	0
5777	7409	-1
5777	868	0
5777	1796	0
5777	2887	0
5777	4851	0
5777	367	1
5777	3937	-1
5777	6778	-1
5777	4435	0
5777	1500	1
5777	2004	0
5777	9846	0
5777	3691	0
5777	3815	1
5777	3875	0
5777	9063	0
5777	9712	0
5777	10451	0
5781	2549	-1
5781	2885	1
5781	5604	1
5781	5290	1
5781	5829	-1
5781	5829	1
5781	10252	-1
5781	10499	0
5781	1875	0
5781	2535	0
5781	9846	1
5781	3815	0
5781	3875	0
5781	9063	0
25942	0	1
25942	10499	0
25942	23493	0
25942	7050	0
25942	8462	0
25942	7321	0
51763	50818	-1
6500	6502	0
6500	4088	1
6500	4851	1
6500	80319	0
6500	960	0
6500	2059	1
6500	4855	1
6500	6929	1
6502	7314	0
6502	6929	0
4086	8850	0
4086	4851	0
4086	1601	0
4086	4854	0
4087	4088	0
4087	4089	0
4087	6498	0
4087	6667	0
4087	7046	0
4087	10499	0
4087	6935	0
4087	815	0
4087	1855	0
4087	55914	0
4087	51176	0
4087	8850	0
4087	1739	0
4087	860	0
4087	8881	0
4087	996	0
4087	163126	0
4087	1601	0
4087	1915	0
4087	2059	0
4087	8928	0
4087	23426	0
4087	9146	0
4087	9972	0
4087	8021	0
4087	56288	0
4087	5076	0
4087	5899	0
4087	6497	0
4087	57154	0
4087	79753	0
4087	22938	0
4087	57559	0
4087	11171	0
4087	7050	0
4087	7321	0
4087	9839	0
4087	9372	0
4088	9734	1
4088	4089	1
4088	4089	0
4088	6498	0
4088	9530	0
4088	6667	0
4088	3172	0
4088	7046	0
4088	10499	0
4088	6935	0
4088	815	0
4088	1855	0
4088	55914	0
4088	2308	0
4088	51176	0
4088	8850	0
4088	1739	0
4088	4851	0
4088	367	0
4088	860	0
4088	25898	0
4088	467	0
4088	8313	0
4088	1308	0
4088	960	0
4088	8881	0
4088	996	0
4088	163126	0
4088	10664	0
4088	1601	0
4088	1875	0
4088	1915	0
4088	2059	0
4088	8928	0
4088	2535	0
4088	23426	0
4088	9146	0
4088	182	0
4088	3837	0
4088	9972	0
4088	8021	0
4088	56288	0
4088	5076	0
4088	5515	0
4088	5575	0
4088	3636	0
4088	6497	0
4088	57154	0
4088	22938	0
4088	11171	0
4088	7421	0
4088	9839	0
4088	9372	0
4089	993	-1
4089	4092	0
4089	6498	0
4089	9530	0
4089	6667	0
4089	6714	0
4089	7341	0
4089	3172	0
4089	10140	1
4089	10140	0
4089	1855	0
4089	55914	0
4089	2308	0
4089	51176	1
4089	51176	0
4089	4851	0
4089	367	1
4089	25898	0
4089	429	0
4089	1308	0
4089	960	0
4089	4435	0
4089	10987	0
4089	163126	0
4089	10664	0
4089	55802	0
4089	1840	0
4089	2059	1
4089	9846	0
4089	23426	0
4089	126961	1
4089	3205	0
4089	9794	0
4089	4854	0
4089	8021	0
4089	56288	0
4089	5076	0
4089	5430	1
4089	5515	0
4089	5575	0
4089	6497	0
4089	79753	0
4089	57559	0
4089	114790	0
4089	6934	0
4089	9392	0
4089	9839	0
4090	1386	1
4091	4086	-1
4091	7046	0
4091	367	0
4091	11171	0
4092	4087	-1
4092	4088	-1
4092	6608	0
4092	6885	0
4092	7046	0
4092	7048	0
4092	1855	0
4092	55914	0
4092	56288	0
4092	10048	0
4092	2963	0
4092	57154	0
4092	64750	0
4092	57559	0
4092	11171	0
4092	10413	0
6608	2735	1
6608	2736	1
6608	2737	1
6608	4088	1
6608	6667	1
6608	10499	1
6608	1855	1
6608	1308	1
6608	8520	0
6608	11143	0
6608	5727	0
6608	8643	0
6608	5899	1
6608	7337	0
6609	581	1
6609	4214	1
6609	1329	1
6610	6609	1
9612	2099	-1
9612	3516	0
9612	9611	0
9612	7067	0
9612	367	0
9612	2100	-1
9612	5241	-1
9612	56288	0
9612	22938	0
9612	7472	0
6615	999	-1
6615	1588	-1
6622	7314	0
6622	11143	0
6498	8881	0
6498	996	0
6498	51343	0
6647	0	1
9530	6776	0
9530	7132	-1
9530	7132	0
9530	8717	-1
9530	8717	0
9530	1796	1
9530	10657	1
9530	1646	1
9530	3691	1
9530	3815	1
9530	57559	0
9530	6934	1
6654	92170	1
6654	5879	1
6654	2887	0
6654	4690	0
6654	4893	1
6654	10006	0
6654	2059	0
6654	9846	0
6654	9063	0
6654	8440	0
6654	6934	0
6655	8874	-1
6655	8874	1
6667	6670	0
6667	10499	0
6667	1855	0
6667	367	0
6670	6667	1
8877	8720	1
10252	867	-1
10252	1950	-1
10252	9628	1
10252	2885	-1
10252	5787	1
6709	7430	0
6714	2889	1
6714	867	1
6714	1956	1
6714	5747	1
6714	3716	1
6714	5604	1
6714	9564	1
6714	2909	1
6714	5335	1
6714	2185	1
6714	5829	1
6714	5879	1
6714	387	1
6714	6464	1
6714	25942	1
6714	6772	0
6714	6774	1
6714	6774	0
6714	6776	0
6714	6850	1
6714	6850	0
6714	7410	1
6714	7430	0
6714	156	-1
6714	156	1
6714	2017	-1
6714	1796	0
6714	1759	1
6714	1759	0
6714	2554	1
6714	28964	1
6714	2741	1
6714	775	1
6714	4593	1
6714	2903	1
6714	1742	0
6714	23613	0
6714	10657	1
6714	6712	1
6714	6853	0
6714	10188	0
6714	10188	0
6714	10000	1
6714	367	0
6714	50807	1
6714	858	1
6714	2059	1
6714	9846	1
6714	23426	0
6714	28996	1
6714	3815	1
6714	5359	1
6714	10044	1
6714	57559	0
6714	6934	1
6722	2626	1
6722	3172	0
6722	0	0
6772	6774	0
6772	6776	0
6772	10379	1
6772	5339	0
6772	9846	0
6772	3815	0
6772	5359	0
6772	6777	0
6773	10379	1
6774	2588	1
6774	148022	1
6774	6772	1
6774	10188	0
6774	367	0
6774	8976	0
6774	5339	0
6774	51079	0
6774	3280	0
6774	388585	0
6774	10401	0
6774	5359	0
6774	6777	0
6776	8204	0
6776	9846	0
6776	3815	0
6776	6777	0
51684	1499	-1
51684	6608	-1
51684	6935	1
51684	5338	0
51684	1856	1
51684	9846	0
51684	3691	1
51684	3815	1
51684	5899	0
51684	5037	1
51684	10284	0
51684	27148	0
51684	7321	0
51684	7337	0
7341	1487	1
7341	51176	0
7341	6934	0
6850	29760	1
6850	27040	1
6850	5335	1
6850	6464	1
6850	7409	1
6850	203068	1
6850	2205	0
6850	5336	1
6850	3937	1
2779	2783	0
2779	2793	0
10454	5606	1
10454	9020	1
10454	51701	1
10454	1432	1
10454	23118	0
10454	6885	1
10454	6885	0
23118	6885	1
23118	6885	0
6885	5599	1
6885	6416	1
6885	5604	1
6885	5606	1
6885	5608	1
6885	5609	1
6885	9020	1
6885	51701	1
6885	6608	1
6885	10454	1
6885	10000	1
6885	818	0
6885	28996	1
7094	7414	0
7094	280979	0
10010	7133	0
10010	7185	0
10010	7186	0
10010	7187	0
4137	203068	0
6900	30851	0
6900	7295	0
6900	8825	0
2783	0	1
2783	2793	0
6909	1029	-1
7015	5728	-1
7015	5728	1
7015	7011	0
7031	317	-1
7031	2688	1
7031	3688	1
7032	317	-1
7032	2688	1
7032	3688	1
7040	7046	1
7040	7046	0
7040	7048	0
7040	7049	0
7040	6348	0
7040	6383	0
7040	94	0
7046	4087	1
7046	4088	1
7046	6885	1
7046	7048	1
7046	7048	0
7046	857	0
7046	5296	0
7046	163	0
7046	960	1
7046	1601	0
7046	8668	0
7046	2022	1
7046	2280	0
7046	2339	1
7046	5520	1
7046	58533	0
7046	11171	0
7046	7042	0
7046	9392	0
7046	9372	0
7048	10454	1
7048	7046	1
7048	7049	1
7048	5296	0
7048	94	0
7048	163	0
7048	9133	0
7048	23002	1
7048	1601	0
7048	8668	1
7048	8668	0
7048	2022	1
7048	2059	0
7048	3399	0
7048	58533	0
7048	11171	0
7048	7042	0
7048	7043	0
7048	9392	0
7048	9372	0
7049	7040	1
7049	6383	0
7049	409	0
7049	10755	0
7049	7042	0
7049	7043	0
9093	3551	-1
9093	3717	1
10499	1329	0
10499	3516	0
10499	367	1
10499	23013	0
10499	4100	0
10499	7050	0
30851	8825	0
114609	7097	0
114609	7099	0
114609	10333	0
114609	54472	0
114609	7096	0
7097	10333	0
7097	7096	0
7098	54472	0
7099	54472	0
7099	7189	0
51284	54472	0
54106	54472	0
7124	7132	1
7124	7132	0
7124	7133	1
4049	7132	0
4049	7133	0
7132	6416	1
7132	8717	1
7132	8717	0
7132	7186	0
7133	7186	1
7133	7186	0
8658	5728	1
8717	8772	1
8717	8737	1
8717	7186	1
8717	7186	0
8717	7189	0
8717	1646	0
7185	7186	0
7185	7321	0
7185	8882	0
7186	4217	-1
7186	4217	1
7186	60489	1
7186	4792	1
7186	4023	1
7186	5604	1
7186	9525	-1
7186	9525	1
7186	4790	1
7186	7157	1
7186	6885	1
7186	7187	0
7186	330	1
7186	330	0
7186	667	0
7186	1840	0
7186	29843	1
7186	7321	0
7186	8882	0
7187	7189	0
7189	51295	1
7189	1147	1
7189	5606	1
7189	4214	1
7189	10454	1
7189	23118	1
7189	6885	1
7204	5879	1
7001	8841	-1
7248	6097	-1
7249	7248	-1
7249	54386	-1
7275	2776	1
7291	1029	-1
2793	5145	1
2793	2783	1
7297	6772	1
7297	6773	1
7297	6775	1
7314	581	-1
7314	5694	1
7314	1629	1
7314	4040	-1
7314	5715	1
7314	1495	0
7409	207	1
7409	5879	1
7409	29984	1
7409	387	1
7409	3937	0
7409	9846	0
7409	8651	0
7410	207	1
7410	392	1
7410	998	1
7410	5879	1
7410	9846	0
7410	8651	0
7414	280979	0
7422	3091	1
7422	3791	0
3791	207	-1
3791	207	1
3791	5747	1
3791	5290	1
3791	5335	1
3791	6464	1
7430	280979	0
7434	820	1
7434	7432	0
8936	317	1
8936	10095	1
10163	317	1
10810	317	1
11197	7471	-1
7471	8321	-1
7471	8321	1
7471	367	0
7471	6422	0
7471	6259	0
7471	2535	0
7471	3398	0
7471	3691	1
7471	4041	0
7471	5359	0
7471	5710	0
9049	196	1
9049	317	-1
9049	3320	1
7498	0	1
331	332	1
331	836	-1
331	840	-1
331	842	-1
331	842	1
331	1111	0
331	56616	-1
331	5599	1
331	10454	1
331	6885	1
331	150684	-1
7535	22915	1
7535	7410	1
7535	203068	1
7535	916	0
7535	3937	1
6935	999	1
6935	857	0
6935	9846	0
6935	6812	0
134	2773	1
134	0	1
135	0	1
135	0	1
8	5578	1
26	1759	0
26	27445	0
107	820	1
108	820	1
111	820	1
2261	1139	1
2261	1128	1
2261	1129	1
2261	1132	1
280979	89	0
280979	2017	0
280979	23114	0
280979	2316	0
280979	8826	0
280979	2035	0
280979	55607	0
280979	5962	0
280979	6712	0
280979	84687	0
162	1211	1
162	1759	1
162	2554	-1
162	6855	0
118	3398	0
118	3399	0
0	134	1
0	135	1
952	0	1
9495	0	0
9495	5566	0
9495	1742	0
0	775	0
0	5566	0
148	2776	1
148	2767	1
148	0	1
150	2773	1
150	2775	1
150	0	1
1139	0	1
89	815	0
89	23397	0
89	2903	0
89	5338	0
89	1742	0
89	22895	0
29091	6616	-1
29091	6809	-1
2890	1175	0
2890	79571	0
2890	9455	0
2890	9463	0
2890	1739	0
2890	0	1
2890	0	0
2890	6386	0
273	1759	0
0	1268	1
0	1269	1
286	23114	0
286	3897	0
286	4897	0
286	6712	0
1175	408	0
1175	1211	0
1175	3897	0
1175	6857	0
64682	1499	-1
57448	842	-1
57448	56616	-1
57448	27429	-1
10603	867	1
10603	7410	1
10603	3815	0
0	9463	0
55738	0	-1
10564	0	1
9266	0	1
10095	280979	1
9532	596	1
9532	5894	1
10134	596	1
10134	598	1
10134	841	-1
156	185	-1
156	154	-1
156	2776	-1
156	1813	-1
156	1129	-1
156	4988	-1
156	11318	1
156	367	-1
627	4915	1
408	185	1
408	4217	1
408	154	-1
408	8215	1
408	8321	1
408	175	-1
408	4792	1
408	3667	-1
408	5604	1
408	1432	1
408	5290	1
408	5894	1
408	387	1
408	6714	1
408	1211	0
408	1855	0
408	4988	-1
408	2150	-1
408	5144	1
408	367	-1
408	5602	-1
408	5602	1
408	64414	1
408	1856	0
10018	578	1
10018	581	1
10018	596	-1
10018	598	-1
10018	599	-1
10018	4170	-1
3309	0	0
3309	0	1
623	2776	1
623	2767	1
623	2773	1
623	0	1
0	623	1
673	11184	1
673	5604	1
673	5605	1
0	6261	1
9478	815	-1
0	572	1
0	1385	-1
0	84152	-1
0	3708	1
0	4772	1
0	4842	1
0	4137	-1
0	814	-1
0	2554	1
0	5502	-1
0	775	-1
0	4133	-1
0	2903	-1
0	84867	1
0	6853	-1
0	203068	-1
801	3708	-1
801	4082	-1
801	4638	1
801	4842	1
801	23236	1
801	5923	1
801	107	1
801	118	1
801	9495	-1
801	156	-1
801	0	1
801	815	1
801	814	1
801	10645	1
801	1211	0
801	1813	-1
801	1612	1
801	29904	1
801	8826	1
801	2917	-1
801	10497	1
801	25924	0
801	2903	-1
801	27360	1
801	5136	1
801	5153	1
801	5137	1
801	490	1
801	5864	-1
801	4893	-1
801	53827	1
801	6014	1
801	9610	1
801	6261	1
801	6712	-1
801	9218	-1
821	0	0
811	0	0
811	367	0
815	1385	1
815	4842	-1
815	5923	1
815	6885	1
815	2890	1
815	23397	0
815	1855	0
815	3751	1
815	4133	1
815	4216	0
815	2903	0
815	774	1
815	5527	-1
815	22895	1
815	9743	-1
815	6261	1
815	1739	1
815	84687	-1
815	6853	-1
815	6857	1
815	8831	-1
815	6809	-1
815	7074	1
815	9218	0
815	860	0
815	25898	0
815	59343	0
815	960	0
815	1454	0
815	1601	0
815	1856	0
815	1857	0
815	2059	0
815	9846	1
815	4041	0
815	5515	0
815	5526	0
815	5710	0
815	9712	0
814	1385	1
814	1390	1
814	4842	-1
814	6853	1
10645	207	1
10645	8536	1
10645	814	1
9647	8536	-1
9647	815	-1
9647	814	-1
11069	22999	1
11069	22999	0
10156	4893	-1
53944	4772	-1
53944	4137	1
53944	286	-1
53944	57524	0
53944	94274	0
53944	1855	1
53944	5055	1
53944	320	0
53944	490	1
53944	6809	1
53944	10716	1
857	2534	1
857	1759	0
857	6616	0
857	6809	0
857	367	0
857	2886	0
857	9846	0
857	8520	0
857	11143	0
1268	2773	1
1268	2775	1
1268	0	1
1269	2773	1
1269	2775	1
1269	0	1
868	1398	-1
868	1956	-1
868	2534	-1
868	2885	-1
868	3932	-1
868	5290	-1
868	6464	-1
868	6714	-1
868	7410	-1
868	9846	1
868	3815	0
868	9063	0
64781	5894	1
0	5578	1
0	64781	1
0	5501	1
0	5527	1
0	5138	1
0	5139	-1
0	5140	-1
0	5593	1
1740	0	0
1740	2903	0
1740	1742	0
0	6855	1
330	836	-1
330	840	-1
330	841	-1
330	56616	-1
330	8915	1
10207	3766	0
10207	8506	0
10207	22871	0
10207	2903	0
6249	8826	0
1072	280979	-1
1277	3688	1
10815	6616	0
10815	6809	0
2017	1759	0
2017	50944	0
94274	4660	-1
9419	1742	0
9419	203068	0
1808	203068	1
80331	0	1
80331	774	-1
80331	773	0
1329	317	1
1329	367	0
1329	1601	0
1329	3636	0
1812	2773	1
1812	0	1
1812	0	1
1813	2773	1
1813	2775	1
1813	2781	1
1813	0	1
1814	2885	1
1814	2773	1
1814	2775	1
1814	0	1
9229	1742	0
1612	6809	-1
0	317	1
1636	1982	0
1636	0	-1
23397	2903	0
1716	1605	-1
1855	8312	-1
1855	2149	1
1855	367	0
1855	80319	0
1855	8976	0
1855	5339	0
1855	29117	0
1855	1454	0
1855	1857	0
1855	8520	0
1855	11143	0
1855	182	0
1855	7050	0
1855	57216	0
3301	0	0
8448	10497	1
1796	3055	0
1796	4690	0
1796	5921	1
1796	5921	0
1796	7525	0
1796	5296	0
1796	3635	0
1796	83737	0
1796	2004	0
1796	2242	0
1796	2268	0
1796	3815	0
1796	8643	0
1796	6934	0
4985	2773	1
4985	2775	1
4985	0	1
1759	6456	0
1759	9455	0
1759	832	0
1759	6457	0
1759	6934	0
0	203068	0
1859	1965	-1
1859	4137	-1
1859	7321	1
29904	1938	-1
23362	0	1
8669	1982	1
8669	0	0
13681	1982	0
13681	0	0
1982	79092	0
1982	0	0
6456	30011	0
6456	1601	1
6456	1856	1
6456	3815	1
6456	5037	1
5179	4985	1
5179	4986	1
5179	4988	1
5179	4987	1
1948	1796	1
1948	5921	1
0	1948	1
55914	4088	1
55914	1742	0
55914	80319	0
55914	667	0
55914	960	0
55914	2059	0
55914	3691	0
2241	1499	1
2335	3688	1
2316	367	0
3350	2773	1
3350	0	1
3350	2781	1
3350	0	1
3356	2776	1
3356	0	1
3360	0	1
3360	0	1
11146	0	1
11146	6261	0
8637	1977	1
23401	9712	0
0	2550	-1
2554	0	1
2554	23766	0
2550	2775	1
2550	0	1
23766	10243	0
23766	203068	0
10287	2776	-1
2773	108	-1
2773	111	-1
0	107	1
0	108	1
0	111	1
2781	107	-1
2781	111	-1
6507	0	-1
6507	6809	0
0	3667	1
0	5290	1
0	23236	1
0	107	-1
0	108	1
0	156	1
0	3760	1
0	3736	1
0	774	-1
0	773	1
0	5921	1
0	6809	1
2668	5947	1
10243	2741	0
10243	203068	0
3760	0	1
28964	6934	0
9229	4842	1
9229	50944	0
0	2911	1
0	2890	1
0	2897	1
0	2917	1
0	2903	1
0	2741	1
0	2903	1
6536	0	-1
2887	5290	1
2887	85021	0
2887	367	0
2887	4435	0
2887	9846	0
2887	8520	0
2887	11143	0
2887	3397	0
2887	3398	0
2887	3399	0
2887	3815	0
2887	9063	0
2887	23509	0
2887	29843	0
79571	2897	0
79571	2917	0
9743	207	-1
9743	392	-1
9743	998	-1
7184	0	0
3055	5335	1
3055	5607	0
3055	2005	1
3055	2697	1
3055	2697	0
3055	3815	0
3055	5801	1
3055	5801	0
3208	4671	1
9455	6261	1
9455	50944	0
5502	5501	-1
5798	6712	0
3611	207	1
3611	2931	-1
3611	94274	1
3611	10000	1
5055	5501	-1
0	3708	1
8826	4893	-1
8660	5295	1
8660	5290	1
8660	5296	1
9479	5599	-1
9479	6416	1
9479	5609	1
9479	1432	1
9479	5923	1
9479	8788	1
9479	3831	0
9479	4294	1
9479	7074	1
9479	5076	0
9479	23509	0
2897	1000	0
2897	9463	0
2897	1742	0
2897	6386	0
0	0	1
0	1742	0
3761	0	1
3761	1742	0
3766	0	1
4986	2773	1
4986	2775	1
4986	0	1
10256	5894	1
10256	7533	0
3736	0	1
3737	0	1
3737	1742	0
3739	0	1
3750	0	1
3750	1742	0
3751	0	1
3897	7430	1
23365	392	1
51176	4851	0
51176	1044	0
51176	2059	0
51176	51588	0
51176	2516	0
51176	6613	0
51176	4286	1
28992	8321	1
775	0	1
775	4133	0
775	1742	0
775	6717	0
1128	2776	1
1128	2767	1
1128	0	1
1128	5997	0
1129	2773	1
1129	2775	1
1129	0	1
1129	5997	0
1132	1917	1
1132	2773	1
1132	0	1
497659	2903	0
497659	1742	0
4130	203068	0
4131	203068	0
4133	203068	0
10746	5594	1
10746	6416	1
10746	5609	1
10746	60675	1
10746	5607	1
10746	7472	0
8491	1432	1
50488	1432	1
10746	6416	1
4215	6416	1
4215	5609	1
4215	8491	1
4215	5607	1
4215	5607	0
4216	6416	1
4216	5609	1
4216	8491	1
4216	50488	1
4216	8976	0
4216	860	0
4216	1500	0
4771	6386	0
2917	2773	1
2917	2775	1
2917	0	1
2917	6386	0
320	282378	0
11221	5599	-1
11221	5600	-1
11221	5603	-1
11221	5601	-1
11221	1432	-1
11221	5602	-1
11221	6300	-1
4294	6416	1
4294	5609	1
4294	1742	1
4294	6416	1
79092	1977	1
4988	2773	1
4988	2775	1
4988	0	1
8649	5594	1
8649	11184	1
0	10657	0
10497	6809	1
282378	6809	0
25924	815	1
2035	2890	1
2035	1739	0
2035	6712	0
4671	836	-1
4671	840	-1
4671	842	-1
85407	8215	-1
85407	8321	-1
85407	1857	0
0	0	0
4690	25	1
4690	5058	1
4690	8976	1
4690	3937	0
4690	858	0
4690	9846	0
4690	5586	0
4690	58533	0
1991	154	1
1991	148	1
1991	150	1
8506	22871	0
4763	4893	-1
22871	1742	0
22871	0	0
9368	5159	0
9368	23613	0
2903	0	1
2903	5335	1
2903	1740	0
2903	1742	0
2903	0	0
2903	23613	0
2903	1741	1
2903	1739	0
2903	6712	0
2903	0	0
2903	203068	0
2903	10142	0
0	2983	1
4987	2773	1
4987	2775	1
4987	0	1
9518	2064	1
774	0	1
7533	572	-1
7533	3667	-1
7533	4772	-1
7533	5894	-1
7533	673	1
7533	1072	-1
7533	2308	-1
7533	7158	1
7533	9610	-1
0	23236	1
0	5501	-1
0	30011	1
5828	5724	1
5724	2776	1
5724	2773	1
5724	2775	1
5724	0	1
2150	2776	1
2150	0	1
8850	4851	0
8850	367	1
8850	4854	0
5136	0	-1
5153	0	-1
5137	0	-1
5139	820	-1
5140	820	-1
5141	820	-1
5142	820	-1
5143	820	-1
5144	820	-1
8654	0	-1
5154	5159	1
5159	5335	1
5159	5781	1
5159	10603	1
29943	0	1
5170	207	1
5170	6198	1
5170	6196	1
5170	50818	1
5170	5578	1
5170	6195	1
5170	10000	1
5170	5590	1
9693	54386	1
9693	5911	1
2983	0	1
9463	2917	-1
5300	3725	1
5300	1499	1
5300	2059	0
0	207	1
0	836	-1
0	841	-1
0	842	-1
0	1605	1
0	2934	1
0	8936	1
0	9266	1
0	156	-1
0	1759	1
0	3760	1
0	490	1
0	22895	1
0	6261	1
0	207	1
0	5578	1
0	7410	1
0	9266	1
0	3611	1
0	5170	1
0	30011	1
5305	0	1
5566	154	-1
5566	572	-1
5566	1387	1
5566	1385	1
5566	84152	1
5566	3708	-1
5566	4772	-1
5566	4790	1
5566	4842	-1
5566	1432	1
5566	23236	-1
5566	5335	-1
5566	5894	-1
5566	5894	1
5566	5906	1
5566	6714	1
5566	4137	1
5566	118	-1
5566	2890	1
5566	2668	1
5566	673	1
5566	10645	-1
5566	1812	-1
5566	2316	1
5566	2554	-1
5566	2741	1
5566	5502	-1
5566	2897	1
5566	3761	-1
5566	3751	-1
5566	775	-1
5566	4133	1
5566	2917	1
5566	8428	1
5566	2903	1
5566	5139	1
5566	5140	1
5566	5144	1
5566	8654	1
5566	490	-1
5566	773	-1
5566	22895	1
5566	54386	-1
5566	22999	1
5566	23557	1
5566	84687	1
5566	84867	-1
5566	6853	-1
5566	10142	0
5566	64414	1
5566	5256	1
5587	7533	1
5587	9846	1
5593	1385	1
5593	4842	1
5593	952	1
5593	2917	1
5593	8654	1
5569	5566	-1
10887	1965	-1
9373	8	1
5338	9846	0
5338	6812	0
5338	6934	0
490	0	-1
5501	596	1
5501	1385	-1
5501	815	-1
5501	1072	1
5501	2903	-1
5501	10142	0
5527	207	-1
5527	572	1
5527	596	-1
5527	8536	-1
5527	1385	-1
5527	2931	1
5527	9564	-1
5527	814	-1
5527	1072	1
5527	775	1
5527	4744	-1
5527	2903	-1
5494	8312	-1
5494	572	1
5536	4137	-1
773	0	1
773	6616	0
773	6857	0
773	6809	0
3276	10657	1
3276	367	0
832	280979	1
832	0	1
832	6853	0
832	7408	0
1742	4130	1
1742	6494	0
1742	0	0
1742	8831	0
1742	0	0
1742	7525	0
1742	2535	0
1742	8322	0
1742	8324	0
1742	5359	0
5770	3643	-1
5786	2534	1
5786	3932	1
5786	6714	1
2664	5864	-1
22895	5864	1
23613	2534	-1
54386	5894	-1
54386	5900	1
54386	673	1
5909	5906	-1
5909	54386	-1
5911	5900	1
5911	4893	1
4893	5290	1
4893	5894	1
4893	5900	1
4893	673	1
4893	4296	1
4893	2962	0
4893	8036	0
4893	7329	0
4893	7337	0
5921	207	1
5921	5879	-1
5921	4893	-1
5921	10657	0
5921	858	0
5921	9846	0
5921	3064	0
5921	3815	0
5921	9021	0
10125	4893	1
25780	54386	1
25780	4893	1
85021	9063	0
85021	7323	0
5947	2885	1
5947	6464	1
5997	2776	-1
5997	2767	-1
5997	2773	-1
5999	2776	-1
6009	5894	1
22999	10497	1
22999	7533	1
22999	5864	1
22999	22895	1
22999	6616	1
22999	6857	1
9610	4893	-1
6195	572	-1
6195	1385	1
6195	9978	1
6195	29904	-1
6195	0	1
6195	8520	0
6195	11143	0
777	0	1
6261	0	1
0	5704	1
0	0	0
0	6729	1
10657	1387	-1
10657	4851	0
10657	6934	0
1739	2897	-1
1739	8322	0
1739	8324	0
1739	5359	0
1739	10284	0
1739	8819	0
0	0	0
11231	3309	1
11231	0	1
0	3350	1
0	3358	1
0	3356	1
0	3360	1
50944	8874	1
30011	3717	1
30011	10252	-1
30011	89	-1
30011	5947	-1
30011	50807	0
30011	4435	0
30011	3815	0
6478	7410	-1
10572	598	-1
6616	774	-1
6616	6843	0
6616	6857	0
6616	6809	0
23557	111	1
23557	6616	-1
0	6507	1
0	3760	1
6717	6261	-1
6494	54386	-1
84687	5501	1
0	6932	0
6729	0	1
6729	6734	1
6734	0	1
0	6751	1
0	6752	1
6751	2773	1
6751	2775	1
6751	0	1
6752	2773	1
6752	2775	1
6752	0	1
6752	30011	1
84867	5594	-1
84867	8520	1
84867	11143	1
84867	11143	0
84867	3691	0
84867	3815	0
84867	3875	0
9900	6857	1
6853	280979	1
6853	2781	-1
6843	6855	0
6843	6809	0
6857	775	1
6857	777	1
6857	6809	1
6382	6386	0
8831	4893	-1
9751	6809	-1
6809	3736	1
6809	774	-1
0	6850	1
6932	6722	1
6932	51176	1
7454	10097	1
7454	1268	1
7074	207	1
4915	2534	1
4915	3667	1
4915	6464	1
4915	8660	1
5644	2150	1
203068	1759	1
7408	280979	1
7417	578	-1
7417	578	1
7417	581	1
7417	1329	1
7448	3688	1
7443	1386	1
7475	8321	1
7475	28992	1
7525	3691	0
7525	3815	0
27302	658	0
653	658	0
655	658	0
3516	9611	0
3516	4851	0
3516	23013	0
3516	9541	0
3516	2273	0
3516	84441	0
3516	4853	0
3516	4854	0
3516	4855	0
3516	22938	0
3921	3655	0
2872	1977	1
4654	3397	0
4654	3398	0
4654	3399	0
4654	3400	0
4654	5710	0
9611	2099	-1
9611	5241	-1
9611	23493	0
4851	10524	0
4851	80319	0
4851	5296	0
4851	83737	0
4851	1272	0
4851	28514	0
4851	54567	0
4851	1840	0
4851	182	0
4851	3714	0
4851	9794	0
4851	84441	0
4851	55534	0
4851	4856	0
4851	8650	0
4851	9253	0
4851	5580	0
4851	5664	0
4851	5899	0
4851	22938	0
4851	55759	0
4851	7528	0
5624	5627	0
6469	2619	0
6469	64399	0
6469	5727	0
6469	8643	0
11318	408	1
43	317	1
43	1329	1
10188	7094	0
10188	7414	0
10188	1500	0
10188	4168	1
10188	9063	0
10000	572	-1
10000	572	1
10000	581	-1
10000	842	-1
10000	2931	-1
10000	7248	-1
10000	331	1
10000	2308	-1
10000	5140	1
51074	317	-1
367	2770	1
367	2767	1
367	6772	1
367	2308	1
367	50807	1
367	8554	0
367	8204	0
367	8431	0
367	166	0
367	861	0
367	860	0
367	160	0
367	26060	0
367	7110	0
367	9604	0
367	7041	0
367	8031	0
367	25898	0
367	573	0
367	1308	0
367	11140	0
367	1025	0
367	1213	0
367	1646	0
367	5036	0
367	83481	0
367	2059	0
367	2119	0
367	2274	0
367	2535	0
367	9846	0
367	3572	0
367	23426	0
367	11143	0
367	3837	0
367	9063	0
367	4486	1
367	64324	0
367	5451	0
367	5452	0
367	56924	0
367	23598	0
367	10401	0
367	51588	0
367	5325	0
367	5881	0
367	23132	0
367	10048	0
367	2963	0
367	2962	0
367	6047	0
367	2516	0
367	291	0
367	25803	0
367	6736	0
367	10273	0
367	6840	0
367	29893	0
367	2965	0
367	7050	0
367	10318	0
367	7182	0
367	7329	1
367	7337	0
367	8409	0
367	7472	0
22914	10870	0
369	5604	1
369	5605	0
369	7337	1
9437	83696	0
9459	207	1
9459	998	1
9459	5058	1
5414	331	-1
50807	1029	-1
50807	367	1
50807	1915	0
50807	9185	0
29108	581	1
57099	317	-1
10017	581	-1
23786	1329	1
599	572	-1
599	578	-1
599	581	-1
599	637	-1
599	638	-1
599	10018	-1
613	6850	1
51283	841	-1
7009	581	-1
90427	596	-1
90427	598	-1
90427	599	-1
90427	4170	-1
664	596	-1
664	598	-1
665	596	-1
665	598	-1
666	1329	1
9970	0	1
9970	5604	1
9970	156	1
9970	6646	1
1513	581	-1
25776	1499	-1
930	5295	1
930	7409	1
940	916	1
916	6955	0
961	664	1
9350	7471	-1
3880	842	-1
1119	8312	0
1119	1499	-1
1119	8215	1
1119	22881	0
4963	637	1
1195	5187	1
4934	572	1
4934	4772	1
10524	4851	1
10524	367	1
10524	351	1
10524	28514	1
10524	3714	1
10524	4853	1
10524	4854	1
10524	4854	0
10524	4855	1
10524	55851	0
84876	0	1
1410	581	-1
1410	598	-1
1410	836	1
1493	916	-1
5478	9131	1
10870	5290	1
10870	5335	1
10870	7409	1
10870	3937	1
190	2099	-1
190	7471	1
190	11331	0
190	8204	0
8771	356	-1
22861	317	1
22861	842	1
22881	1454	0
11315	581	-1
10294	581	-1
140735	90427	-1
7786	6416	1
7786	5609	1
1400	581	0
2100	2099	-1
2065	5295	1
5783	841	1
5783	8772	1
2247	2263	1
2247	6383	1
2263	5335	1
2263	6464	1
2263	10818	1
2263	6646	1
9994	841	1
6422	8321	-1
6422	7471	-1
6422	54361	0
10818	2885	1
10818	5781	1
1	23368	1
9402	3937	0
2778	427	1
6540	5148	1
629	427	-1
629	427	1
629	1956	1
629	5290	1
629	5879	1
629	156	1
629	1839	1
629	3339	1
23092	29984	-1
2886	3815	0
2886	29843	0
9265	1029	1
1839	1956	1
3094	5894	1
8739	596	-1
8739	598	-1
8739	599	-1
8739	4170	0
3329	836	0
3329	839	0
3303	9131	-1
6383	2247	1
6383	2263	1
83696	6850	1
3802	5777	1
56998	1499	-1
56998	2059	0
80319	8215	-1
80319	23462	0
80319	4855	0
3440	3454	1
3454	3716	1
3454	7297	1
9641	3661	1
3596	3597	1
3596	3598	1
3597	3717	1
3597	7297	1
3597	3566	1
3598	3566	-1
3561	3718	1
3566	3716	1
3566	3597	1
3566	3561	1
3570	3716	1
55437	331	1
4188	3172	-1
3630	3643	1
51135	7189	1
11213	3654	-1
11213	51135	-1
3702	5335	1
3702	3937	0
3718	3716	1
5602	1386	1
5602	3725	1
5602	4772	1
5602	7157	1
5602	6464	1
5602	319	1
2547	581	-1
607	1499	1
607	2059	0
79444	836	-1
79444	840	-1
79444	842	-1
4018	9170	1
4035	8312	-1
4035	8321	1
4035	7471	1
4035	5359	0
9175	6416	1
9175	5609	1
1845	5599	-1
1845	5601	-1
1845	5602	-1
64112	581	0
64112	596	0
64112	598	-1
7867	3315	1
4170	578	-1
4170	581	-1
4170	10018	-1
4170	1329	-1
4170	666	-1
7020	3725	1
5607	5598	1
5607	5590	0
5607	2623	0
5607	5584	0
9927	578	0
9927	581	0
1846	5595	-1
1846	5594	-1
1846	5599	-1
1846	5601	-1
1846	5602	-1
1848	5595	-1
1848	5594	-1
1852	5595	-1
1852	5594	-1
4296	6416	1
4296	5609	1
4342	5604	1
4342	5605	1
8986	1385	1
8986	1978	1
8986	466	1
4836	637	1
5366	578	1
5366	581	1
5366	596	-1
5366	598	-1
5366	4170	-1
10193	57448	-1
55075	317	1
8976	280979	1
8976	1856	0
8976	2962	0
8976	6457	0
8976	58533	0
27429	331	-1
27429	57448	-1
27429	10456	-1
5291	23368	-1
5291	54545	1
5291	3691	0
5291	3875	0
925	8739	1
8503	5291	1
8503	3691	0
8503	3875	0
10714	2099	1
10714	10011	1
23368	5291	1
5296	5291	1
5296	4435	0
5296	2004	0
5296	3691	0
5296	3815	0
5296	3875	0
5296	9063	0
1844	5595	-1
1844	5594	-1
51237	842	0
79581	8215	1
64414	820	-1
5256	5834	1
8554	4089	1
8554	6772	-1
11040	572	-1
5590	6198	1
5590	5037	1
3339	1605	1
3339	0	-1
3339	0	1
5336	1605	1
5339	1308	0
5339	9846	0
5339	3691	0
5241	2099	-1
5621	581	-1
5757	8125	-1
5757	1329	0
10076	3716	-1
10076	6772	-1
10076	7297	-1
27113	581	1
27113	596	-1
27113	598	-1
27113	599	-1
27113	4170	-1
5834	5837	1
26108	607	1
10235	5879	1
11331	2099	-1
5308	2770	-1
5308	2776	-1
5308	2778	-1
8204	2099	-1
1969	2885	1
1969	5335	1
1969	6464	1
1969	1	1
1969	23368	1
6259	8215	1
6259	8321	1
6296	473	1
23013	9611	1
23013	10011	-1
23013	23426	1
3635	3815	0
8431	2099	-1
6597	1499	1
6597	2099	1
1154	3643	-1
1154	3716	-1
1154	3717	-1
1154	3815	0
56848	598	0
10011	2099	1
10011	10714	1
6646	1026	1
6646	6772	1
29110	3661	1
7006	7409	1
7006	1796	1
7006	3815	0
23389	2099	1
6097	1978	-1
6097	6198	1
1326	5604	1
1326	5605	1
55240	665	1
7318	7189	1
8457	79370	0
54739	331	-1
51776	6416	1
51776	5609	1
7791	7408	0
102	28514	1
6868	4851	1
83737	6456	1
83737	3815	1
83737	8650	0
83737	22938	0
860	1856	0
29882	51343	0
2971	25898	0
2971	2059	0
160	2060	0
351	8650	0
351	9253	0
26060	9219	0
26060	5868	0
26060	5931	0
55198	9219	0
55198	5868	0
55198	5931	0
378	9846	0
25898	367	1
25898	8313	0
25898	2059	0
409	1856	0
409	8322	0
467	3398	0
59343	6934	1
8313	1454	0
8313	2059	0
8313	9712	0
667	1308	0
667	3399	0
667	3691	0
667	10048	1
667	7472	1
1308	1832	0
1308	3655	0
1308	3691	0
977	8928	0
977	3655	0
977	3815	0
960	4088	1
960	4089	1
960	2059	1
1025	23426	0
1025	126961	1
1051	1915	0
4145	3815	0
9541	8520	0
9541	11143	0
9541	8819	0
4435	2004	0
4435	2535	0
4435	9846	1
4435	3312	0
4435	3815	0
4435	9063	0
4435	6934	0
1459	1855	1
1459	2059	1
1179	1601	0
1179	3691	0
9635	23002	0
9635	3691	0
9635	5727	0
1213	5781	1
1213	7471	1
1213	23426	1
1213	3815	0
1213	3636	1
1213	57559	0
1272	4853	0
10987	4089	1
7514	57154	0
1439	3815	0
1453	2059	1
1454	1855	1
1454	1857	0
1488	6934	0
10664	23002	1
1500	2962	0
23002	367	1
23002	1856	0
23002	5727	0
23002	7476	0
1601	1857	0
1601	3398	1
1601	3398	0
1601	3399	1
1601	3399	0
55802	7471	1
1646	3092	0
1646	3398	0
1646	3399	0
1646	8882	0
50846	64399	0
50846	5727	0
50846	8643	0
28514	4853	0
28514	4854	0
54567	4855	0
1856	8322	0
1856	5582	0
1856	7476	0
1857	2059	0
1857	5515	0
1857	9021	0
1875	182	0
10006	2059	0
1915	8882	0
2004	3398	0
2004	3815	0
2005	3397	0
2005	3398	0
2005	3399	0
83481	9846	0
83481	6934	0
2060	9846	0
2060	9185	0
2059	2274	0
2059	9846	0
2059	9712	0
2059	8607	0
2059	6299	0
2059	2516	0
2059	6656	0
2059	6929	0
2059	6934	0
1999	1855	1
1999	1915	1
1999	9846	1
2273	59269	0
2273	6015	0
2274	4041	0
2274	5710	0
2290	8928	0
5045	4851	1
2535	6722	1
2535	1855	1
2535	1856	1
2535	2059	1
2535	182	0
2535	4920	0
2535	3636	0
2535	79753	0
2535	57559	0
2535	7029	0
2535	7337	0
8322	260425	0
7855	5710	0
7855	4920	0
7855	7476	0
8323	54361	0
8324	260425	0
8325	4041	0
8325	5710	0
8326	7472	0
9846	6464	1
9846	5777	1
9846	6772	1
9846	6774	1
9846	7410	1
9846	2887	1
9846	5338	1
9846	5921	1
9846	634	1
9846	2060	1
9846	2059	1
9846	11143	0
9846	3064	0
9846	8290	0
9846	3872	0
9846	3875	1
9846	3855	0
9846	3856	0
9846	54206	0
9846	9063	1
9846	9063	0
9846	8440	0
9846	5287	0
9846	5306	0
9846	5359	0
9846	5573	0
9846	5753	0
9846	6004	1
9846	29843	0
9846	6451	0
9846	3636	0
9846	6633	0
9846	8651	0
9846	9021	0
9846	6777	1
9846	6934	1
9846	7337	0
9846	10451	0
9846	8882	0
2619	5430	0
2623	23462	0
10750	3815	0
2888	29843	0
23426	57559	0
8520	5781	1
8520	6774	1
8520	2887	1
8520	84867	1
8520	11143	0
8520	8290	1
8520	5515	1
8520	5801	1
8520	10048	0
8520	6642	0
8520	6929	1
8520	7050	1
8520	7337	0
8520	8409	0
11143	9978	1
11143	4087	1
11143	4088	1
11143	6774	1
11143	2887	1
11143	84867	1
11143	367	1
11143	9541	1
11143	5515	1
11143	5801	1
11143	5037	0
11143	9712	1
11143	10044	1
11143	6642	0
11143	6929	1
11143	7050	1
11143	8462	1
11143	10318	0
11143	7337	0
11143	8409	0
3064	3092	0
3064	9063	0
23493	3280	0
3280	55502	0
3280	3397	0
3280	3398	0
3280	3399	0
3280	3400	0
3280	5359	0
3280	2963	0
388585	5359	0
55502	2963	0
64399	3549	0
28996	3691	0
28996	9063	0
28996	4602	0
28996	2516	1
28996	2516	0
3397	4617	0
3397	4618	0
3397	4656	0
3397	5710	0
3397	6938	0
3397	6929	0
3398	3399	0
3398	4617	0
3398	4618	0
3398	4656	0
3398	5076	0
3398	5079	0
3398	7849	0
3398	6938	0
3398	6929	0
3399	4617	0
3399	4618	0
3399	4656	0
3399	5079	0
3399	6938	0
3549	5727	0
3549	8643	0
3655	3691	0
3691	3692	0
3691	5293	0
3691	9712	0
3691	6777	0
3691	7431	0
182	4853	0
182	4854	0
182	5515	0
3714	4853	0
3714	4854	0
3714	5515	0
3815	6772	1
3815	6776	1
3815	7409	1
3815	9063	0
3815	8777	0
3815	51196	0
3815	5359	0
3815	8643	0
3815	5800	0
3815	8651	0
3815	9655	0
3815	9306	0
3815	161742	1
3815	161742	0
3815	200734	1
3815	26228	0
3815	6777	1
3815	6934	0
3875	9063	0
3875	5293	0
3875	6777	0
3875	6934	0
3955	4851	1
3955	4853	1
8500	6794	0
4100	22938	0
260425	57216	0
9794	4853	0
9794	4854	0
9794	4855	0
84441	4853	0
84441	4854	0
84441	4855	0
55534	4853	0
55534	4854	0
55534	4855	0
4242	28514	1
4242	182	1
4242	4853	1
9063	4089	1
9063	5287	0
9063	5573	0
9063	5782	0
9063	2962	0
9063	9185	0
4316	3691	1
4486	2810	0
8440	5586	0
8440	58533	0
4853	5664	0
4853	9712	0
4854	5664	0
4854	22938	0
4855	5664	0
8650	4851	1
56924	367	1
23598	6047	0
5076	5079	0
5076	23509	0
51588	51176	1
51588	6934	1
5306	6934	0
5359	5710	0
5359	5782	0
5359	7472	0
5359	7473	0
23509	4088	1
23509	1855	1
23509	2887	1
23509	4851	1
23509	858	1
23509	28514	1
23509	182	1
23509	5076	1
23509	5515	1
23509	7472	0
5430	2962	0
5515	815	1
5515	25898	1
5580	1601	1
5580	3655	1
5580	3691	1
5582	1601	1
5582	1856	1
5582	5037	1
5710	6929	0
8643	1796	1
8643	3815	1
5782	5359	1
5801	3055	1
5801	8520	1
5801	11143	1
5868	9712	0
5899	6497	0
5899	27148	0
5899	7323	0
10048	6608	1
2963	6608	1
2963	5801	1
2962	5430	1
2962	10048	1
2962	7337	0
2962	7472	1
2962	7472	0
9185	7323	0
5037	7329	0
5037	7337	0
9712	2668	1
9712	815	1
9712	4131	1
9712	25898	1
9712	8668	1
9712	2059	1
9712	4853	1
4920	7474	0
6242	7476	0
8607	6908	0
10284	8819	0
10284	7321	0
29843	10499	1
29843	8882	0
2516	51176	1
2516	4602	1
2516	6934	1
8036	7329	0
6497	7337	0
57154	4092	1
57154	7046	1
6642	58533	0
6643	58533	0
8723	58533	0
58533	4155	1
58533	7337	1
9021	1857	1
57559	8520	1
6777	5607	1
27148	7321	0
27148	7337	0
6934	10451	0
7329	367	1
7329	7337	1
7329	7337	0
7321	6498	1
7322	4087	1
7323	4087	1
7337	8520	1
7337	11143	1
8409	8520	1
8409	11143	1
7472	23509	1
8882	29843	1
